   6.4052909e-01  -4.2081839e-02   1.0469782e-01   7.6306265e-02  -1.0624144e-01   4.0913667e-02  -3.3573050e-02   4.9200242e-02   3.2350745e-02  -2.3497172e-02
  -4.2081839e-02   4.1908706e-01   1.9023931e-02  -1.1418379e-01   1.6612189e-02   3.4418362e-02   8.2294183e-02   4.1146357e-02   1.8317170e-01   5.1127548e-03
   1.0469782e-01   1.9023931e-02   7.1748859e-01   2.5308720e-02   1.4355392e-01   3.9198850e-02  -4.0974469e-02   1.3421437e-01   1.1706181e-01  -1.6798835e-01
   7.6306265e-02  -1.1418379e-01   2.5308720e-02   4.7031096e-01   7.4593756e-02   2.9476530e-03  -2.4963612e-03  -1.7384757e-02  -1.3071627e-02   1.7815941e-01
  -1.0624144e-01   1.6612189e-02   1.4355392e-01   7.4593756e-02   3.8765364e-01   5.4589065e-02   2.0155340e-03   5.7342890e-02  -9.4967183e-02   1.1201667e-01
   4.0913667e-02   3.4418362e-02   3.9198850e-02   2.9476530e-03   5.4589065e-02   6.4288172e-01  -4.4161356e-03   1.3734024e-01   1.1510354e-02   1.9930953e-01
  -3.3573050e-02   8.2294183e-02  -4.0974469e-02  -2.4963612e-03   2.0155340e-03  -4.4161356e-03   4.7210758e-01  -1.8413089e-02  -5.1824007e-02   9.0096533e-02
   4.9200242e-02   4.1146357e-02   1.3421437e-01  -1.7384757e-02   5.7342890e-02   1.3734024e-01  -1.8413089e-02   5.5231643e-01  -4.8962929e-02  -3.1189097e-03
   3.2350745e-02   1.8317170e-01   1.1706181e-01  -1.3071627e-02  -9.4967183e-02   1.1510354e-02  -5.1824007e-02  -4.8962929e-02   8.0783291e-01  -1.2022677e-02
  -2.3497172e-02   5.1127548e-03  -1.6798835e-01   1.7815941e-01   1.1201667e-01   1.9930953e-01   9.0096533e-02  -3.1189097e-03  -1.2022677e-02   3.8979203e-01
