
   5.8253244e-01   9.8056916e-04  -1.4650124e-03   2.3285982e-04  -4.3130811e-02  -6.0400735e-02   8.0297633e-03   1.1389077e-02  -8.8076478e-04  -3.2334013e-02   4.0311849e-02   4.3943439e-02   1.6491963e-02   3.4399169e-03  -1.2095835e-02   8.0697182e-02   1.3622184e-02  -1.4962011e-02  -2.8221514e-02  -1.0367803e-02  -4.2852611e-02  -3.9437276e-02   4.9732961e-02   7.5482408e-03   1.9439537e-02   1.3479675e-02  -9.6220098e-03  -5.2399477e-04  -2.2041585e-02  -1.0977439e-02  -1.0195681e-02   7.4955408e-02  -1.9242651e-02   2.7271269e-02  -3.3625025e-02  -1.5671889e-02   1.0825713e-02  -4.2945328e-03  -2.9310103e-02   2.5368730e-04  -4.0720578e-03  -3.5381877e-03  -4.1854153e-02  -5.4700549e-03   1.2435577e-02  -3.4669361e-02  -1.8115734e-02   8.0722747e-03  -1.9478351e-02   1.7210074e-02  -1.7510157e-02   2.8055540e-02  -3.9479517e-03  -5.9990393e-02  -9.5025561e-03   1.1560315e-02  -7.4432997e-03  -2.4567540e-02  -3.1546474e-02  -7.0456940e-02  -2.2767680e-02   5.8939731e-03   1.6091487e-02   4.8245582e-03   1.7170105e-02  -4.2680679e-02   4.5239286e-03   3.2775295e-02   1.0739178e-02   2.6089857e-02  -2.5942587e-02  -5.8382916e-04   1.5021295e-02   2.3988182e-02   3.1663914e-03  -9.7941454e-03  -1.0059089e-02  -2.5364997e-02   1.9823836e-02   1.7069935e-02  -1.1137836e-02   2.8129175e-05   1.5823247e-02   2.5911374e-02   1.5911714e-02   1.7080514e-02  -2.2530349e-02  -9.4996919e-03  -2.4710969e-03  -5.3990253e-03  -1.7707024e-02   3.9347586e-02   8.2769720e-03   3.6522147e-02   2.3340312e-02  -1.9478844e-02   2.4348949e-02  -6.0452980e-03  -1.9259078e-02   1.9287707e-02
   9.8056916e-04   4.9962568e-01  -9.0647929e-03   5.7709557e-03   8.7161841e-03  -1.3113145e-02  -9.4722321e-03  -2.1883385e-02  -1.2657502e-02   3.6127936e-02  -1.1622974e-02  -1.7506127e-02  -1.3916753e-02  -4.0226094e-03   6.8353776e-04   1.7259562e-02  -4.1413826e-02  -1.5168947e-02   3.9274120e-02  -1.2690060e-02  -1.9079286e-02   1.4095477e-03   1.4732957e-02   3.7335471e-03  -1.6338115e-02   2.4808994e-02   1.3878547e-02  -9.3710900e-05   3.6891016e-03   1.9360484e-02  -2.0866842e-02  -2.3854299e-02  -4.3158651e-02  -1.1269907e-02  -4.9073988e-02  -2.3670839e-02  -6.1620230e-03  -1.1687149e-03   5.4210084e-03   3.5425370e-03  -4.9897518e-03  -6.1363025e-02   2.5917081e-02   2.7279535e-02  -3.6898687e-02  -2.5311433e-02   7.8074718e-03   3.5224979e-02  -2.2671023e-03   2.1518877e-02   3.6806151e-03   4.5110083e-02   1.4230849e-02   9.8999404e-03  -1.3993734e-02   2.6263025e-02   2.8518011e-04  -2.3173412e-04   7.4666691e-02  -4.6936414e-02   1.3454800e-02  -4.5529949e-02  -2.0300729e-03  -2.3254213e-02   1.5185224e-02  -3.7589247e-02  -1.5007527e-02  -1.9672299e-03  -6.5445636e-04  -2.8069319e-02   3.7034575e-03   3.5565505e-02   1.1521502e-02  -1.3142489e-02  -4.3641164e-03  -1.0976521e-02   1.3637694e-02   2.5260025e-02  -5.6858795e-03   1.0112912e-02   3.7530239e-02   1.5122759e-02   1.2546837e-02   4.2270323e-03  -5.1860016e-02   1.7743646e-02   3.4821060e-02  -1.4560828e-02   9.0767828e-03   4.9559032e-03  -2.2343126e-02  -1.7982448e-02  -4.0232081e-02   8.5963405e-03   3.6343332e-02  -2.0038933e-02  -1.0793558e-02  -1.4864500e-02  -4.2502194e-03   3.4504210e-02
  -1.4650124e-03  -9.0647929e-03   5.4239595e-01   5.5404995e-02  -2.2021159e-02   3.7642412e-03  -1.2415492e-02   3.3979581e-02   1.0290481e-02  -2.6449167e-02   2.9918648e-02  -4.0137206e-03  -1.8041326e-02  -3.1847133e-02  -2.1965971e-02   1.1613221e-02   1.3452309e-02  -4.1124202e-03   1.3193816e-02   7.0303477e-03   9.2979198e-03   4.8434128e-02  -1.1307969e-02   2.8970387e-02   1.4963904e-02  -2.2370377e-02  -3.1646483e-02  -3.1159337e-02  -3.8985429e-02   1.2742618e-02   1.2569248e-03  -1.3545861e-02  -6.1380664e-04  -3.7733715e-03   4.4616174e-02  -4.0019560e-02  -4.5112465e-02  -1.0539186e-02  -6.0425172e-02   9.6175452e-05   4.7165719e-03   2.1635762e-03  -1.2939306e-02   1.5625042e-02  -3.2053386e-02  -4.4155588e-03  -5.7237429e-02   2.3637464e-02  -1.1622434e-02  -2.1136254e-02   1.7373251e-02   2.6782415e-02   1.0116271e-02   5.6757098e-02  -1.6288248e-03   2.4340006e-02   1.1138676e-02   1.9160721e-02   6.7537236e-04  -3.9823626e-02  -2.0378269e-02  -2.1895816e-02   3.9659312e-02   2.5588115e-03  -2.9103053e-03  -1.8891020e-02  -5.0481815e-03  -1.4023687e-02   1.5358846e-02  -2.3717510e-02   1.2625741e-02  -8.2500130e-02   2.1414917e-02  -6.2269022e-02   8.7783519e-03   2.4032514e-02   7.9955300e-03  -5.3340266e-03  -8.2857507e-03   1.2418035e-02   4.1795087e-02  -6.1839641e-03  -2.7650370e-02   3.1340229e-02   1.1800011e-02  -2.9491146e-02  -7.7879267e-03   8.8572608e-05   4.8149527e-02  -5.6101638e-04   3.6435614e-02   3.4664797e-02   3.9092366e-02   1.1273185e-03   1.5603132e-02  -1.8530360e-02  -4.5446863e-02  -1.4855942e-04   2.0635665e-02  -2.9339620e-02
   2.3285982e-04   5.7709557e-03   5.5404995e-02   4.9791492e-01  -1.3215464e-02  -1.7187372e-02   2.8675745e-02   6.0436080e-03   6.3531094e-02   1.2349411e-02   7.9731006e-03   4.2081629e-02  -8.4347497e-03  -1.0304214e-02  -1.2878691e-02  -5.4152464e-02   3.1727263e-02  -2.4879633e-02  -1.2706977e-02   3.5930364e-03   1.0790649e-02   4.4588336e-02   3.6829553e-02  -7.0490131e-03  -1.9248387e-02   3.4903093e-03  -5.5799183e-03   3.4307494e-02   1.9384293e-02  -7.9411480e-03  -3.5831053e-02   1.5670702e-02   3.0713197e-02  -2.3383751e-02   2.6495214e-03  -2.2688387e-02   2.4240225e-02  -2.3094828e-02  -2.3075870e-02  -1.1608031e-02   4.4272721e-03  -1.9692331e-03   3.5803436e-03  -4.4677137e-03  -2.5010894e-02  -1.7820559e-02  -1.9018915e-02   2.1043256e-02   4.4140493e-03   1.9086066e-02  -1.5068553e-02   3.8013575e-02   1.0801469e-02   3.6253043e-02  -2.2186428e-02   9.2114815e-03   1.3922081e-02   1.4775945e-02   8.5905712e-04   5.0499106e-02  -1.9897740e-02   4.0672075e-02  -1.2432084e-02  -4.7645785e-03   1.9714470e-02  -1.4795546e-02  -1.2263648e-02  -3.1616061e-02   4.2903455e-02  -1.4508879e-02   4.9000362e-02  -1.5968935e-02   4.4853396e-03   2.2293984e-02   2.3363993e-02  -2.5312513e-02   7.3327492e-03  -9.2252793e-03  -1.6366923e-02   3.9517714e-02  -2.2618380e-02  -1.6837301e-04  -1.5017218e-02  -8.9150905e-03   1.2631259e-02  -9.9868448e-03   5.7741560e-03   6.3411298e-03   4.4418384e-02   2.7119766e-02   2.4958299e-02  -8.3726822e-03  -5.4223570e-03  -4.2423569e-02   7.4368799e-03  -2.8771140e-03   3.2236965e-03   7.1817435e-02  -7.4203432e-03   2.0204405e-02
  -4.3130811e-02   8.7161841e-03  -2.2021159e-02  -1.3215464e-02   5.3411988e-01   1.0646990e-02   3.0505808e-02   1.4565545e-02   2.6990662e-02  -1.0904541e-02   1.9953039e-03   3.2961139e-02  -5.4601613e-03  -4.1029353e-02  -2.4165933e-02   1.7818523e-02   9.5234874e-03   1.3054230e-02   9.5427644e-03   3.7191081e-03  -1.4265857e-02  -2.8346718e-03  -3.6623866e-02   2.4581278e-02   5.7639852e-03   2.4252173e-02  -2.4499715e-02  -2.1322867e-02   5.0529215e-02   4.5241653e-02  -1.2141830e-02   3.9760027e-02   1.9449615e-02  -1.0421380e-02  -2.1570740e-02  -2.1067076e-02  -5.3228175e-02  -2.4761339e-02   2.8096406e-02   1.9226960e-02  -1.0115923e-02   1.2872993e-02  -5.5254392e-03   4.0033492e-02   4.9278688e-03   1.2937405e-03  -9.5435385e-03   3.2668522e-02  -8.5635750e-03   4.6192797e-02  -1.7574884e-02  -2.2572516e-02  -7.7485941e-03  -5.1778080e-02  -6.3401370e-03  -2.9351342e-02   3.5069135e-02  -1.2220247e-02  -1.2330040e-02   3.3614712e-02  -1.7864040e-02   5.5726381e-03   3.0431912e-02   9.4945453e-03   1.7047291e-02  -3.7525223e-02  -4.2028189e-04   1.4987721e-02   1.2854803e-02  -1.5506619e-03   1.9985203e-02   2.0126059e-02   2.1499765e-02  -1.1825936e-02   7.3342339e-03   7.1919958e-03   5.9307685e-02  -6.1384231e-03   2.7212784e-02  -2.5732348e-02   6.1721168e-03  -2.5834430e-02   5.0122795e-03  -3.5166195e-02  -4.6820816e-03   2.0894550e-02  -1.9401240e-02   4.8070180e-02   3.0692309e-02  -4.2520105e-03  -2.2857771e-03   1.9424644e-03   2.8394169e-02   2.0778567e-02  -2.8382116e-03   2.7866093e-02   1.8053449e-02   7.4498745e-03   1.7025159e-02  -8.5814789e-03
  -6.0400735e-02  -1.3113145e-02   3.7642412e-03  -1.7187372e-02   1.0646990e-02   5.4246638e-01   1.5243593e-02  -3.8530037e-02   1.4140093e-02   3.0010543e-02   1.2921214e-02  -3.2879122e-03   3.8624365e-02   1.7134837e-02   3.0147208e-02   1.7048470e-02  -5.0748572e-04   4.6395641e-02   1.1093617e-02   3.9026970e-02  -1.9549755e-02  -5.4213271e-03   1.4221978e-02  -3.7341432e-02   1.2358774e-02   7.6057884e-03  -1.6037349e-02   7.9492381e-02   3.3908316e-02   1.4698840e-02  -2.4808890e-02  -1.7777964e-02  -1.3425649e-02  -2.7184166e-02  -2.6336627e-02  -9.9153648e-03  -1.3252173e-02   2.2446435e-02   4.4943369e-02  -4.5028853e-02   1.5968920e-02  -9.8683690e-03  -1.2386711e-02   4.4186415e-02  -1.3477662e-02  -2.2291693e-02  -3.1333859e-02   1.3644413e-02   2.6652654e-02   5.9505433e-02  -9.9896610e-03   1.7602239e-02   2.3065374e-02   3.9486486e-02   4.4355595e-02  -1.6107773e-02  -4.8056623e-02   3.6072820e-02  -3.2237094e-02   1.0368459e-02   3.9167363e-03  -3.8891630e-03  -5.6038248e-02  -4.9718213e-03   1.8877135e-02   4.5777246e-02  -2.2252094e-02   8.7411849e-03  -3.6790745e-02   2.4423942e-03   3.0173766e-02  -6.2002820e-03   1.8391037e-02   2.9362437e-02   9.8730633e-03   1.7688091e-02  -2.5470585e-02   2.2281390e-02  -4.5071158e-02   7.2460716e-04   6.5373089e-03  -3.8951666e-02   3.5119986e-02   9.1677769e-03  -1.3946478e-02   1.4099363e-02   4.4568578e-03  -2.2891115e-02  -1.8736303e-02  -2.3343975e-02  -2.7709895e-02   2.2698029e-03  -3.2736770e-03  -1.8781180e-02  -3.5392266e-02   3.9883354e-02  -6.9705309e-03  -2.0144208e-02  -2.0558903e-02   6.2258179e-03
   8.0297633e-03  -9.4722321e-03  -1.2415492e-02   2.8675745e-02   3.0505808e-02   1.5243593e-02   5.1301148e-01   1.4016409e-02   6.4492145e-02  -2.5933295e-02   3.9443914e-02   1.4611668e-02   3.7084733e-02  -3.2619024e-02  -9.5183422e-04   1.3119303e-02   4.7048126e-03  -1.6453011e-02   3.5631962e-02  -1.8898616e-02   1.0215330e-02   1.9821876e-02  -4.3321162e-02   1.8041073e-02  -2.7920836e-02   2.7992489e-03  -4.4461421e-03   2.4208792e-02   1.0055816e-02   2.3165200e-03  -4.0053752e-03   1.5230947e-02  -1.1909271e-02  -3.0346460e-02  -3.7721733e-02   1.9122611e-02  -3.3453793e-02   1.6012383e-02  -2.9462694e-02   5.4624321e-03  -6.9242907e-03   1.4206320e-03  -2.0563969e-02   9.2276072e-03  -2.4006640e-02  -4.8519029e-03  -9.2831877e-03   2.2755671e-02  -2.0300175e-02   1.6014175e-02  -2.9734579e-02   3.3456553e-02   3.9395240e-03  -4.7699965e-02   4.1019572e-02  -7.9159976e-03   1.5898025e-02  -1.7966663e-02   2.3084234e-02   2.8202257e-02   1.0701700e-02   1.0103012e-02   4.2396532e-02  -4.0951439e-02   1.7164597e-02  -7.5454948e-03   2.3250904e-02  -1.4460113e-02  -1.8834601e-02  -1.5716436e-02  -1.0903574e-02   2.5099660e-02   3.1709887e-02   2.8722290e-02  -1.9324160e-02   2.0221517e-04   2.2766170e-02  -1.6935346e-02   1.3536843e-03   3.7981351e-03   2.6475116e-02   7.0178519e-03  -9.8210698e-03  -7.0913757e-04  -1.4802348e-02  -1.7807088e-02   1.9233406e-02  -1.9622690e-02   4.1016074e-02  -3.1928732e-02  -2.4464027e-02   1.0619696e-03  -2.9340471e-03  -2.0780780e-02  -2.0958425e-02  -2.4173432e-03   7.9419898e-03   9.5213272e-03   3.1732091e-02  -3.7262384e-02
   1.1389077e-02  -2.1883385e-02   3.3979581e-02   6.0436080e-03   1.4565545e-02  -3.8530037e-02   1.4016409e-02   5.9248031e-01  -6.1430128e-02   6.4467341e-02   1.0184155e-02  -1.2398978e-02   1.7182965e-02  -2.9423343e-02   9.0715789e-03  -2.8128660e-02  -4.1037720e-02  -2.4177533e-03  -3.4004022e-02  -2.7214164e-02  -9.1372423e-03  -8.6434935e-03  -1.9171334e-02  -1.4971065e-02   6.0046550e-03  -2.9651184e-03   1.1470902e-02  -3.5836821e-02  -6.5321384e-03   1.9182433e-02  -1.1783689e-02  -1.8169358e-02  -2.6963949e-02   2.4417969e-02  -3.7139987e-03  -5.9989593e-03  -4.7435757e-03   5.2555036e-02  -5.0294032e-02   2.3057057e-02  -4.6532927e-02   2.6723068e-02   5.0697991e-02  -2.0947073e-02   6.4800574e-02  -2.0756086e-02  -4.9017490e-02  -5.7542269e-02   2.7377299e-02   2.2851136e-02   1.7689558e-02  -1.3169400e-02   3.8920272e-02  -2.8128074e-03   1.0148832e-02   3.7087661e-02   1.8408967e-02   6.3103078e-03  -5.1008524e-02  -1.8891096e-03  -3.1134919e-02  -1.7286511e-03   2.0014988e-02  -5.7114223e-03  -5.3763024e-03   3.5949252e-02  -4.1411024e-02  -7.2552364e-04  -2.7132262e-02  -4.7476857e-03  -2.1847205e-02   3.1097268e-02   1.0081644e-02  -4.8402030e-02   1.7727991e-03   8.0737482e-04   2.9408359e-03  -1.5107490e-02  -1.8039275e-02  -1.2524505e-02   1.5459678e-02  -4.3435699e-03   2.6530045e-02   3.5211508e-02   5.1267041e-03  -2.3081355e-03   5.3779099e-02   2.8442014e-02  -4.0607558e-03  -1.6488243e-05   2.3970866e-02  -3.3741276e-02  -4.0355012e-03   7.7358840e-03   1.1991398e-05   1.5216368e-03   1.1471720e-02  -8.3246695e-03  -2.5981583e-02   2.9535754e-02
  -8.8076478e-04  -1.2657502e-02   1.0290481e-02   6.3531094e-02   2.6990662e-02   1.4140093e-02   6.4492145e-02  -6.1430128e-02   5.8589304e-01   4.6007447e-02   4.7494749e-03   8.8739404e-03  -1.4366062e-03   1.1266323e-01  -1.0746837e-02  -4.1135300e-02  -4.6824296e-03  -6.2164744e-03  -7.1004270e-02   1.2453866e-02  -1.7281284e-02   2.0620602e-02  -1.3279001e-02  -2.0806355e-04   3.3252470e-02   2.7654707e-02   8.5905753e-03  -3.8996572e-03   1.2559195e-03  -1.1527959e-02   5.9932649e-03   2.3035585e-02  -2.7238440e-02   1.6457412e-02  -4.5391658e-02  -1.8322365e-02   2.9070850e-02   2.9072568e-02  -6.6262450e-03  -1.4007497e-02  -4.3079368e-02  -3.7886675e-02   3.5826768e-02  -1.6986770e-03  -5.0540785e-03   3.6840219e-02   1.7067217e-02  -9.1890086e-03  -4.7683957e-02  -3.0098472e-02   3.2697398e-02   3.9872599e-02   9.7300303e-03  -3.3080167e-02   3.1616654e-02   2.3305464e-02   1.1924073e-02   8.3263748e-04   2.1056679e-02  -1.4873601e-02  -6.2904411e-02   1.9030384e-02   7.9159336e-03  -1.3394330e-02   4.0680279e-02  -3.3994690e-02  -4.2160501e-02  -3.3713153e-02  -2.7043569e-03   1.0423050e-02   1.5163065e-02   5.1836988e-03  -2.3436876e-03  -1.3238003e-02   3.0515356e-02   4.6728182e-02  -1.9412285e-02  -2.2762986e-02   3.3175047e-02   2.3293578e-02   5.3793113e-03  -8.6763013e-04  -3.1136150e-02   1.1794247e-02  -9.0704261e-03  -5.4170678e-03   4.4515694e-03   2.9503141e-02   7.2704245e-03  -9.2519362e-04   1.6004363e-02  -4.3497865e-04   4.1535326e-02   2.2707283e-02  -1.9476329e-02  -3.2679217e-02   3.1546571e-02  -2.1962314e-02  -3.6271945e-02   2.0611339e-02
  -3.2334013e-02   3.6127936e-02  -2.6449167e-02   1.2349411e-02  -1.0904541e-02   3.0010543e-02  -2.5933295e-02   6.4467341e-02   4.6007447e-02   5.7534738e-01   2.8489000e-02   1.8896570e-02  -1.2236146e-02   8.2406939e-03   2.8504364e-02   6.8340657e-03   2.6251534e-02  -2.2923778e-03  -1.8184738e-02  -3.4286902e-02   1.7347017e-02  -1.1315523e-02   6.3089448e-03  -4.1059018e-03   5.6824527e-02   9.0455008e-03   5.5568973e-02  -5.0398199e-02  -1.9600768e-02  -3.8972508e-02   2.2246699e-02  -4.1196086e-02  -4.6013008e-03  -6.3482764e-03  -1.4373620e-02  -2.6891012e-02  -4.1253999e-02  -1.2801576e-02  -7.0390578e-03  -1.1885988e-02  -8.2595100e-03   6.7577127e-03  -1.5403012e-02  -2.3291820e-02  -2.1054484e-02   1.9254926e-02   1.6673078e-02   8.5503176e-03  -2.7346628e-03   2.7454451e-02  -7.5042558e-03   1.6882754e-02  -5.1700034e-02  -3.5964233e-02  -1.1199818e-04  -9.0361416e-03  -1.5892673e-02   3.5348955e-02   3.4475751e-02   3.1065008e-02  -1.3815060e-02  -5.0816418e-02  -6.2529069e-02   2.4909788e-02  -5.4941630e-02   4.8419203e-03   1.9447043e-02   6.6746921e-02   1.4869672e-04  -2.2300160e-02  -3.5922386e-02  -1.1123222e-02   8.3546018e-02  -3.0403778e-02   3.0632530e-02   3.3018470e-02  -1.2423760e-02  -2.1541457e-02   3.2290541e-02  -4.2197448e-03   3.1751926e-03  -1.3918919e-02  -2.8306764e-03  -1.9662857e-02  -1.7866400e-02  -3.0273807e-02  -4.6586106e-02   1.1800110e-06  -1.9998477e-02  -2.7689121e-02  -1.8778993e-03  -2.3528935e-02  -2.1357111e-02  -3.1180292e-02  -4.0016632e-02   2.4150053e-02  -4.8623513e-02   6.4619578e-03   1.4130938e-02   3.5230335e-03
   4.0311849e-02  -1.1622974e-02   2.9918648e-02   7.9731006e-03   1.9953039e-03   1.2921214e-02   3.9443914e-02   1.0184155e-02   4.7494749e-03   2.8489000e-02   5.9518867e-01  -2.0811766e-02   9.0345070e-03  -3.5165474e-02  -1.4246903e-02   3.4796055e-02   3.6508496e-02  -8.5942168e-03  -1.1826231e-02  -1.1670480e-02  -2.4189443e-02   5.2232079e-02  -1.6065107e-02  -6.4223183e-02  -2.0117875e-02  -1.7638937e-02   9.1736192e-03   5.4680995e-03   8.5430470e-03   2.1121395e-02   7.5436755e-03   2.0224860e-02  -4.7403560e-02   1.4217048e-02  -1.9093333e-02   2.0511107e-02  -1.9771479e-02  -3.0506522e-02  -1.0040125e-02   4.5220801e-02  -7.1860133e-03   2.9113564e-02  -5.0783737e-02  -9.9542608e-03  -5.0534434e-02  -5.1802287e-03   2.5122163e-02  -5.4877498e-02  -4.1615405e-02   1.4420541e-02   1.7955158e-02   2.6623763e-02   3.0413398e-02  -4.7477976e-02   2.7898159e-02   6.5488901e-03   1.6344563e-02  -3.3605181e-02   3.3922589e-02   3.3086622e-02   7.9446453e-03   2.4365220e-02  -4.5000779e-03   1.4865679e-02  -2.4312571e-02  -2.1157088e-02  -1.1472887e-02   5.6299751e-02  -8.4127636e-03  -4.7317362e-03  -2.3496059e-03  -1.9793802e-02   3.3664109e-03   2.8704938e-02  -8.0665237e-02   6.3247611e-03   4.5547565e-04  -1.0190071e-02   1.1872707e-02   1.5506904e-02   2.2231288e-02   4.5575903e-04  -3.6466264e-03  -2.1260499e-03  -3.9444997e-02   7.9527235e-03  -3.2729814e-03  -2.2622422e-02  -5.0233750e-03   1.1922836e-02   4.8514377e-03  -1.8591212e-03   5.1121656e-03   3.1839963e-02  -3.7755972e-02  -1.2562300e-02   6.2933908e-03   1.4141113e-02  -6.0341522e-02  -3.3136523e-02
   4.3943439e-02  -1.7506127e-02  -4.0137206e-03   4.2081629e-02   3.2961139e-02  -3.2879122e-03   1.4611668e-02  -1.2398978e-02   8.8739404e-03   1.8896570e-02  -2.0811766e-02   5.4608016e-01  -3.1838828e-02  -1.3764379e-02   1.5641725e-02  -3.8394159e-02   6.9368044e-02   4.2955946e-02  -2.1134162e-02  -7.6235622e-03  -2.7664850e-02  -1.0494498e-02   3.2767892e-02   1.6759334e-02  -1.4847609e-02   7.8975576e-03   2.2236465e-02  -2.8844027e-02   1.5127973e-02   6.6096018e-02   2.4147437e-03  -7.1890651e-03  -2.0420444e-02   1.7392238e-03  -1.9372703e-02   7.9644109e-03  -1.2008390e-02   2.5528250e-02   1.3490736e-02  -3.5295475e-02  -1.9126077e-02  -3.2359007e-02   2.1327038e-02   1.2149961e-02   2.5963303e-02  -1.8000702e-02   1.5852311e-02   4.4076080e-02   8.3714005e-04   2.0400351e-02   1.7325036e-02   6.2005594e-03  -1.3077478e-02  -5.1326043e-02   3.9448026e-02  -1.1148441e-03  -3.8974587e-02  -4.4270321e-03   4.8777558e-02  -2.7448103e-02   4.7386554e-02   1.6300430e-02   1.7507599e-02   3.0262580e-02  -5.5110466e-03   1.5184089e-03  -5.9001522e-03   4.5065767e-02  -1.2850449e-02  -5.0538646e-02   2.7145466e-02   2.8203204e-02  -4.1523093e-02   4.7271171e-03  -5.6657962e-05   4.3536018e-03  -2.8585843e-03   5.3094410e-03   2.7618727e-02   1.3573998e-02  -1.1590049e-02  -1.3401446e-02   3.9312128e-02   2.4072190e-02   3.5786006e-03   2.7384544e-02  -3.0375338e-02   1.1687198e-02   1.8037433e-02  -5.7302982e-04  -5.3396136e-03  -4.7849797e-03  -1.3036777e-02  -4.3696034e-03  -2.9347547e-02  -4.0314884e-02   5.5747522e-03  -4.1113160e-02  -8.4694228e-03  -6.8963171e-03
   1.6491963e-02  -1.3916753e-02  -1.8041326e-02  -8.4347497e-03  -5.4601613e-03   3.8624365e-02   3.7084733e-02   1.7182965e-02  -1.4366062e-03  -1.2236146e-02   9.0345070e-03  -3.1838828e-02   6.0855754e-01   3.1261061e-03  -1.2476526e-02  -4.3017522e-02  -4.5543017e-02   5.5679655e-03   3.4751059e-02  -6.3522735e-03  -3.9401312e-02   1.6874363e-02   5.2744884e-03   2.6717733e-02   9.5804662e-03  -1.3900211e-02   9.4712066e-03   1.0056700e-02   3.2488807e-02  -6.8949394e-04  -1.2516952e-02   3.9718432e-02  -5.2470421e-03  -5.3671834e-03   5.8494636e-04  -6.6463802e-03  -2.3342627e-02  -2.0975567e-02  -1.2265804e-03   1.6827773e-02  -2.4975544e-03  -4.4250937e-02  -9.9939590e-03  -5.9408059e-02   3.9738758e-02   5.6916702e-03  -1.0113358e-02  -6.1057658e-03  -1.0965102e-02  -2.4102032e-02  -2.6938843e-02   1.8858391e-02   2.1513836e-02   1.6684232e-02  -3.5439589e-02  -2.9746957e-02  -4.1903326e-02  -6.1524554e-03  -2.2362415e-02   1.1233024e-02   1.7101386e-02  -1.5509112e-02   1.5876187e-02  -9.7412469e-03   2.9659622e-02  -1.0112109e-02   3.4531724e-03   1.3004711e-02   1.5160838e-02   2.8171810e-02   1.0209559e-02   6.5526647e-02   4.3328238e-03  -4.2374810e-02  -6.7740727e-02   1.4057781e-02   3.1169105e-02  -2.1455706e-02   1.2100657e-02  -1.4051880e-02   1.2958503e-02  -2.9441214e-02   3.8379775e-02  -6.8213752e-03   9.7256256e-03   5.5955500e-02  -1.7927159e-02   2.9706367e-02   6.3045942e-03   1.2141004e-02  -1.7221756e-02   3.6115689e-03   1.9878272e-03  -1.5021564e-02  -2.8036343e-02  -4.8291571e-02   5.0692814e-02   3.2463563e-02   2.1655949e-02  -8.2941484e-03
   3.4399169e-03  -4.0226094e-03  -3.1847133e-02  -1.0304214e-02  -4.1029353e-02   1.7134837e-02  -3.2619024e-02  -2.9423343e-02   1.1266323e-01   8.2406939e-03  -3.5165474e-02  -1.3764379e-02   3.1261061e-03   4.6503596e-01   8.9043207e-03   4.3497942e-02  -1.3149385e-02  -1.6668045e-02  -2.1862568e-02  -1.8268536e-02  -2.8336502e-02  -3.9899994e-02   2.0564338e-02  -2.6987087e-02   1.5183161e-02  -2.4299069e-02   4.1464824e-02  -2.7341813e-03  -2.0186107e-02   4.2470973e-03  -3.6418230e-03  -1.5729582e-02  -4.2568854e-02   1.6377270e-02  -6.7070838e-04  -9.9385301e-03  -1.1640434e-02  -2.7890297e-02  -2.5794874e-02   4.7105780e-03  -3.0456187e-02   1.7094710e-02   1.7685827e-02  -1.0538743e-02  -2.7179285e-02  -1.7202923e-02  -3.9539078e-03   6.9794594e-03   3.1850808e-02   7.3895919e-03   1.7455889e-02  -3.9535656e-04  -1.8616839e-02  -5.8639194e-04   1.0758504e-03   2.3933778e-02  -1.0572314e-02  -5.0013259e-03   3.4458408e-03  -3.9225860e-02   3.3796366e-02   7.9683236e-04   3.5346415e-02  -3.8533403e-02   1.9428545e-02  -1.4444043e-02  -7.1192192e-03   4.1397405e-03   3.6789107e-02  -4.6681495e-02   2.4822478e-02   1.8162699e-02  -7.6166497e-05  -1.5022926e-02   3.3459176e-02   1.8707920e-02  -7.5514034e-03  -5.9785702e-02  -1.1511288e-02   1.2024959e-02  -2.6661851e-02  -2.2438705e-02   2.5456587e-03  -7.6467847e-03   3.7621803e-02   1.3327938e-02  -4.8099555e-02  -3.6230184e-03   2.8216766e-02   3.3683198e-02  -9.7049861e-03   7.5534396e-03   4.1241169e-03   1.3828103e-02  -1.2266146e-02  -5.1637102e-02  -9.2056775e-03   1.4493317e-02  -1.9160385e-02   4.3282609e-02
  -1.2095835e-02   6.8353776e-04  -2.1965971e-02  -1.2878691e-02  -2.4165933e-02   3.0147208e-02  -9.5183422e-04   9.0715789e-03  -1.0746837e-02   2.8504364e-02  -1.4246903e-02   1.5641725e-02  -1.2476526e-02   8.9043207e-03   4.8403740e-01  -1.2711687e-02   2.4305694e-02   4.0304178e-02  -1.9487921e-02  -1.8504694e-02  -5.9041688e-02   7.9197282e-03  -1.3391735e-02  -2.7498550e-03   1.8572241e-02   9.0844584e-03  -1.7573090e-02   1.7651888e-03  -1.1103279e-03  -2.5304445e-02   2.9175485e-02   1.5017973e-02  -5.4541723e-03  -6.4054752e-03   2.8991320e-02   1.4485317e-03   9.0703315e-03   8.1386384e-03  -5.9348357e-02   6.2618911e-02  -3.0461585e-02  -1.8782606e-03   8.6661488e-03   2.0616693e-02  -9.6248526e-02   3.5179692e-02   8.2509781e-03  -1.4434345e-02   2.2589504e-02   3.4665990e-03  -5.2906896e-03   1.3552616e-02   3.5192940e-03  -2.3373028e-02   3.0380988e-03   8.6615959e-03  -3.2172151e-02  -4.3326924e-02  -4.6189279e-02   8.5289712e-03   1.5616741e-03   2.9708451e-02  -2.0165534e-02   4.9391642e-02   5.6776655e-02   4.2614059e-02   3.7651601e-03  -8.9243744e-03   1.5436489e-02   2.6230842e-03   3.8774070e-02  -4.0065364e-03  -8.3599930e-04  -1.2205326e-02  -8.9776785e-05   4.0943213e-02   5.2484991e-02   3.6946058e-02   2.9976919e-02   1.4063791e-02   3.9904860e-02   6.2289394e-02  -7.2910373e-03   1.6364869e-02  -3.3942137e-02   4.9552322e-04   5.7112934e-03   3.5742847e-02  -5.0206149e-02   2.6208599e-02  -2.4705475e-02  -1.6140944e-02  -1.1743385e-02   1.7270826e-02   4.7125797e-02  -2.6843279e-02  -3.8779595e-02   3.4006330e-03  -1.4478296e-02   8.9341825e-03
   8.0697182e-02   1.7259562e-02   1.1613221e-02  -5.4152464e-02   1.7818523e-02   1.7048470e-02   1.3119303e-02  -2.8128660e-02  -4.1135300e-02   6.8340657e-03   3.4796055e-02  -3.8394159e-02  -4.3017522e-02   4.3497942e-02  -1.2711687e-02   5.5437123e-01  -1.3466669e-02   5.0619492e-02   2.3914396e-03  -2.1974272e-02   3.9364493e-03   1.7555258e-02  -4.2187078e-02   4.6748006e-02   1.1665613e-02   1.9921597e-02  -6.2887702e-04   8.4042379e-03  -8.3026040e-03  -2.6210437e-02  -2.8941387e-02   6.4952145e-03   1.3811128e-02  -1.7527282e-02   3.2226144e-02   7.8812448e-03   8.2729396e-03  -1.9082974e-02  -4.2180134e-03   1.2473015e-02  -2.7860323e-02   3.0773632e-02  -1.3612955e-03   1.9129722e-03   1.0235707e-04  -2.2441172e-02   1.7759681e-02  -5.9724656e-02  -9.9551714e-03  -3.5856752e-02   2.9071700e-02  -6.0887145e-02  -4.7214043e-02  -9.7859388e-04  -2.7629720e-02   2.8845182e-02   1.4050373e-02  -1.6264799e-02  -2.1441773e-02  -1.3435341e-03  -4.1173022e-02   4.2229778e-03  -1.1404236e-02   2.8853206e-02  -2.2264235e-02  -3.9594857e-02   1.3377368e-02  -1.9638027e-02  -3.0957910e-02  -1.3212653e-02  -1.2364167e-02  -1.9810302e-04   1.4446508e-02   2.0402370e-02   7.0879305e-04  -1.8105882e-02   8.6633716e-03   2.6204678e-02   3.0133870e-02  -3.6907519e-02   1.2110420e-02  -6.3110063e-02  -1.5279601e-02  -6.7289353e-03  -2.5109384e-03  -3.8313608e-02  -2.5556678e-02   2.1157775e-02  -4.1401235e-02  -6.9910271e-03  -1.6455084e-02  -5.6972348e-03   1.3309988e-03  -1.6605557e-02   5.3930180e-03  -4.1685456e-03   3.7646022e-02  -1.1279489e-03  -7.3395902e-03   1.2774242e-02
   1.3622184e-02  -4.1413826e-02   1.3452309e-02   3.1727263e-02   9.5234874e-03  -5.0748572e-04   4.7048126e-03  -4.1037720e-02  -4.6824296e-03   2.6251534e-02   3.6508496e-02   6.9368044e-02  -4.5543017e-02  -1.3149385e-02   2.4305694e-02  -1.3466669e-02   5.6952129e-01   2.4730605e-02   8.9803010e-03   1.9895680e-02   1.6278114e-02   1.0652112e-02   2.6682383e-02  -6.8115267e-03  -2.7702462e-03   3.8784839e-02   8.4883850e-03  -7.0038636e-03  -1.1034509e-02  -1.7535911e-03  -4.9125013e-03   1.4291874e-02   1.5019800e-02   1.2760177e-02  -3.0154947e-02  -1.3720657e-02   2.9177411e-02  -1.4497697e-02  -3.4660710e-02   3.7991799e-02  -9.1464177e-03  -1.7968730e-02   2.6814173e-02  -1.2709475e-02  -1.2853693e-02   4.4400239e-02   4.2431247e-02  -3.5034702e-02   5.4741316e-02  -2.0725166e-02   8.8714972e-03  -1.8550945e-02   1.3178964e-02  -2.6254817e-03  -5.3512941e-03  -1.4998243e-03   1.0615831e-02   1.0386264e-02  -3.4706258e-02   7.4842227e-04   8.9744084e-03   2.0576736e-02  -1.3894293e-02   3.9891190e-02   6.4782402e-03  -1.6763531e-02   4.2939239e-02   6.0165705e-03  -3.0117847e-02  -2.1890850e-02  -8.6069898e-02  -1.1875027e-02   4.3404865e-02  -1.8685794e-02   4.2144774e-03  -2.3470397e-02   2.4895139e-02   2.4483811e-02  -2.1806485e-02  -5.3677968e-03   7.8446426e-03  -6.0347753e-03   2.9094725e-02  -3.8727084e-02   5.2688512e-03   1.8691311e-02   1.1972224e-02  -2.0487878e-02  -4.2197047e-03  -1.5397531e-02  -2.9967126e-02  -9.5113189e-03  -2.0995514e-02  -2.0013434e-02   5.3489972e-03   2.6360615e-02   1.7131643e-02  -3.0785723e-03   5.0893162e-03  -7.0860060e-03
  -1.4962011e-02  -1.5168947e-02  -4.1124202e-03  -2.4879633e-02   1.3054230e-02   4.6395641e-02  -1.6453011e-02  -2.4177533e-03  -6.2164744e-03  -2.2923778e-03  -8.5942168e-03   4.2955946e-02   5.5679655e-03  -1.6668045e-02   4.0304178e-02   5.0619492e-02   2.4730605e-02   5.8881833e-01   7.0025790e-02  -2.1985333e-02   1.9904890e-02   1.9529609e-02  -2.1285308e-02  -2.5441146e-02   2.9363912e-02   2.8307940e-02  -1.2352520e-03  -6.1310496e-02   2.9138579e-02   2.8950829e-02  -2.3424709e-02   1.4582465e-02  -2.4868818e-02  -2.5783866e-02  -7.4855581e-04   4.0376012e-02   1.2937255e-02   2.1210664e-02  -2.2697289e-02   1.1418026e-02  -3.5225136e-02   3.3654107e-03   1.4687088e-02  -3.8761996e-02   4.2446013e-02   1.7795968e-02  -6.2415932e-03  -5.8146106e-02   3.4733354e-03  -1.5959625e-02  -4.7048024e-03   4.0173205e-02   2.7542087e-02   2.7234453e-02   1.2354997e-02  -5.4553520e-02   5.2336973e-02  -1.0880099e-02  -2.3304291e-02   5.9796171e-02  -2.5213673e-02   5.5121989e-03   4.6332955e-03  -1.4398985e-03   3.1809384e-02  -1.7627728e-02  -2.9666784e-02  -1.5003942e-03  -4.3521037e-03   3.4278653e-03  -1.3028133e-02   2.8324001e-02  -8.2947422e-03   2.8470253e-02  -1.0970492e-02   2.4386448e-02   1.7523402e-02   4.5082932e-03   5.6835776e-03   2.9271866e-03  -1.6894303e-02  -1.7447770e-02   3.4149342e-02   9.2337269e-04   3.0889575e-02   1.7231057e-02   3.1321509e-02   2.7950227e-02  -1.1679725e-02   7.6071447e-03  -2.8451493e-02   6.5390482e-03  -1.2461028e-02   2.9666652e-03   8.9234969e-03   2.6231101e-02  -3.8782220e-02  -3.2013482e-02  -1.4430708e-02  -7.4511200e-02
  -2.8221514e-02   3.9274120e-02   1.3193816e-02  -1.2706977e-02   9.5427644e-03   1.1093617e-02   3.5631962e-02  -3.4004022e-02  -7.1004270e-02  -1.8184738e-02  -1.1826231e-02  -2.1134162e-02   3.4751059e-02  -2.1862568e-02  -1.9487921e-02   2.3914396e-03   8.9803010e-03   7.0025790e-02   5.0978752e-01   2.1756611e-03  -3.9648894e-02   3.7830040e-02  -3.1183329e-03  -5.3154633e-03   5.7958866e-02   7.3390257e-04   3.6705728e-03  -9.5705520e-03  -4.6286635e-03   1.6617708e-02   3.7810629e-03  -3.0628820e-02   1.2298028e-02  -1.1301990e-02  -2.3229645e-02   5.6094071e-03  -6.5027588e-03   2.3255301e-02  -2.7631149e-02  -1.2907820e-02   1.6798874e-02  -8.0692617e-03  -3.1149860e-03  -6.4575091e-03  -5.0556254e-02   2.4078734e-02  -1.2055632e-02  -1.6995512e-02   3.0994270e-02   1.4112246e-02   1.7322305e-02   6.8190608e-04  -8.3673064e-03   2.4337867e-02  -3.0574679e-02   4.9394386e-03   2.4895484e-03   3.6474127e-03   1.0824942e-02   2.8802908e-04  -5.9084170e-02   2.6502231e-03   1.2300942e-02  -2.5885077e-03  -1.3777170e-02   9.7624226e-04   1.4806840e-02   1.4137801e-02   1.3313965e-02  -2.5817058e-03   2.0937482e-02   1.7603427e-02   2.1577364e-02   2.9471478e-03   2.5877720e-02  -1.1572602e-02  -1.1408423e-02  -8.5659499e-02   3.2265653e-02  -4.3962133e-02   3.7846788e-02  -3.6454352e-03  -2.6616551e-02  -3.4591829e-02  -3.8067290e-02  -1.8426778e-02  -3.7532718e-03  -5.5869662e-03  -1.4896318e-02  -1.5952122e-02   4.8523988e-03  -1.1452726e-02   4.0964770e-02   7.9618145e-03   2.2542595e-02   1.7984816e-02   5.9014885e-03   6.0574968e-02  -3.5196598e-02  -1.9947150e-02
  -1.0367803e-02  -1.2690060e-02   7.0303477e-03   3.5930364e-03   3.7191081e-03   3.9026970e-02  -1.8898616e-02  -2.7214164e-02   1.2453866e-02  -3.4286902e-02  -1.1670480e-02  -7.6235622e-03  -6.3522735e-03  -1.8268536e-02  -1.8504694e-02  -2.1974272e-02   1.9895680e-02  -2.1985333e-02   2.1756611e-03   5.5130775e-01   7.2498019e-04  -5.4642550e-02   7.5489796e-04   2.1441227e-02  -2.5692564e-02  -1.5933926e-02  -1.1590291e-02  -6.4644279e-03   3.0789168e-02   5.0016093e-02   2.5232097e-02  -2.1241787e-02  -3.1466959e-03   3.2028506e-02   2.8498820e-02   1.3102614e-02   1.1386160e-02   5.8456852e-02  -5.1361855e-02  -5.6528705e-03   3.1027800e-02   6.0323542e-03  -3.0481582e-02   2.2969867e-02   2.7703676e-02  -3.0861580e-02   4.6131375e-02  -3.5546191e-03   2.3713659e-02   1.5940990e-02  -1.6941567e-02  -2.8867571e-02  -2.7911323e-02  -3.1618430e-02  -1.6779976e-02  -2.0219858e-02  -4.6084471e-02   2.8982349e-02  -1.4415094e-02  -2.9799136e-02   1.6462047e-02  -1.8869113e-02  -1.5192223e-02   3.0284265e-02  -4.6086800e-02   5.2946675e-02   1.6001535e-02   1.6724016e-02  -7.9054018e-03   8.1887704e-03   3.0524320e-02  -1.2887660e-02  -7.1277370e-03   6.1841606e-02   4.1037140e-02  -4.3886003e-02  -1.8128273e-02  -5.5048960e-02  -2.9030331e-02   1.6083447e-02  -3.0070151e-02   3.4190799e-02   5.0713863e-03  -2.1154627e-02  -3.7152406e-02   3.5107574e-02   2.9534642e-03   2.1504195e-02   1.4778205e-02  -2.4746025e-02  -4.2291205e-02  -1.2642179e-02   8.6089759e-03  -1.9373379e-03  -7.8728894e-03   2.3539704e-03  -2.0920444e-02   5.8091483e-02   3.9957807e-02  -1.7495665e-02
  -4.2852611e-02  -1.9079286e-02   9.2979198e-03   1.0790649e-02  -1.4265857e-02  -1.9549755e-02   1.0215330e-02  -9.1372423e-03  -1.7281284e-02   1.7347017e-02  -2.4189443e-02  -2.7664850e-02  -3.9401312e-02  -2.8336502e-02  -5.9041688e-02   3.9364493e-03   1.6278114e-02   1.9904890e-02  -3.9648894e-02   7.2498019e-04   5.2309801e-01   2.4593630e-02   2.2100844e-02  -1.1253990e-02   1.2813070e-03   5.0872880e-02   3.4100118e-02   1.9744703e-02  -4.3552153e-02   1.0051030e-02  -3.9426650e-02   2.8120960e-02   1.1247567e-02   8.8568853e-03   5.9270088e-02  -6.6555037e-03   1.3385831e-02   1.3030206e-02   2.1516204e-02  -8.0877005e-03   4.2917201e-03   1.0792133e-02  -1.0976714e-02  -4.8650967e-03   3.2252307e-02  -3.9274062e-02   8.0765954e-03  -5.8897149e-03   1.5002115e-02   2.5918668e-03  -6.1773420e-02   3.2622258e-02   3.2957113e-02   1.1953010e-02  -2.3493905e-02   5.1168400e-02  -3.2719375e-03   1.0171952e-02   1.5715861e-02  -9.8860093e-03   1.3001808e-02   9.7618974e-03   6.6994726e-03  -4.3666848e-02  -1.0926201e-02  -1.0206067e-02   3.2267686e-02   1.4830012e-02   5.0098056e-02   4.8440204e-03   6.3477754e-03  -3.0495745e-02  -6.9357292e-03  -6.3464190e-02  -1.7731617e-02   4.6414916e-02   2.8469424e-02  -6.0024955e-03  -6.3780460e-02   3.8193860e-02   7.5957289e-03  -2.3039592e-02  -1.4783669e-02  -3.2267782e-02  -1.4840427e-02  -1.3703369e-02   1.1440982e-03  -2.8379548e-03  -1.6601868e-03  -2.5102212e-02  -1.9372370e-02  -1.6312055e-02   2.8126480e-02  -1.0807028e-02  -1.9983190e-03   4.7357640e-03  -7.9696535e-03  -6.4991902e-02  -6.2854791e-04   1.6320459e-03
  -3.9437276e-02   1.4095477e-03   4.8434128e-02   4.4588336e-02  -2.8346718e-03  -5.4213271e-03   1.9821876e-02  -8.6434935e-03   2.0620602e-02  -1.1315523e-02   5.2232079e-02  -1.0494498e-02   1.6874363e-02  -3.9899994e-02   7.9197282e-03   1.7555258e-02   1.0652112e-02   1.9529609e-02   3.7830040e-02  -5.4642550e-02   2.4593630e-02   6.0879219e-01  -5.9515608e-02   1.3142324e-02  -1.4270651e-02   3.0332826e-02  -4.9181945e-03   2.8392075e-02  -1.6613657e-03  -9.7046796e-03   5.7156174e-02   3.3197954e-02  -2.6534278e-02   2.7849813e-02  -5.1103766e-05   2.2773822e-02  -1.1431168e-02   2.7610055e-02  -1.2959639e-02  -1.0866364e-02   2.6695860e-02   2.8329093e-02  -1.3820088e-03  -4.4986529e-02  -5.2912631e-02   2.8633847e-03   9.0984630e-03  -1.1830281e-02  -7.4116192e-03   1.2875390e-02  -1.9218029e-02  -4.4569713e-02   5.4469403e-03  -2.2183802e-03  -2.2584793e-02   1.4600866e-02  -5.1682694e-02  -2.1317247e-03   9.9968824e-03  -3.1686708e-02   2.4769023e-03   9.3150795e-03  -3.7489784e-02   4.1751417e-02   4.5395947e-02   2.6948731e-02  -5.5438475e-02   1.3976124e-02   3.3919081e-02   2.9520894e-02   3.5834290e-02  -2.7664419e-02  -2.8162269e-03  -2.6089551e-02  -1.1494322e-02   1.1229388e-02  -3.1687263e-03   4.3959916e-02  -7.0215426e-03   4.5432419e-02  -1.0973197e-03  -2.0561384e-02  -2.9270988e-02  -2.7072501e-02  -1.6073390e-02  -1.9307581e-02   2.3903277e-02  -1.3879328e-02   3.1702850e-03  -6.6761134e-02  -7.4799195e-03   1.1368410e-02  -1.8372618e-02   5.0108036e-03   2.0499733e-02   2.7175247e-02   2.6684079e-02  -2.4113699e-02  -4.4859109e-02  -8.9999684e-03
   4.9732961e-02   1.4732957e-02  -1.1307969e-02   3.6829553e-02  -3.6623866e-02   1.4221978e-02  -4.3321162e-02  -1.9171334e-02  -1.3279001e-02   6.3089448e-03  -1.6065107e-02   3.2767892e-02   5.2744884e-03   2.0564338e-02  -1.3391735e-02  -4.2187078e-02   2.6682383e-02  -2.1285308e-02  -3.1183329e-03   7.5489796e-04   2.2100844e-02  -5.9515608e-02   5.8694642e-01  -3.5944086e-02  -1.1410123e-02   2.9450538e-02  -1.3597230e-02  -1.3022954e-02  -7.8193304e-04   5.0986101e-02  -2.2660025e-02  -1.3068825e-02   3.5773046e-02   7.0074132e-03   2.4779742e-02   7.8556748e-03  -1.8401181e-02  -1.7927193e-02  -1.1247660e-02  -8.2186379e-03   2.4624226e-02  -1.3727104e-02  -3.4760513e-02   3.0536160e-02  -2.4794106e-02   1.2060673e-02  -1.3172895e-02  -3.2663630e-02   9.8155851e-03  -8.3751525e-03  -8.1474649e-03   1.1572933e-03   6.9266763e-03   2.1779321e-03  -2.2761699e-02  -2.2968130e-02  -3.4806692e-02   9.5655534e-03   1.9844745e-03   1.6432477e-02   1.3352136e-02  -4.4044058e-02   1.0095700e-02   2.3619647e-02   1.3316743e-02  -3.7433786e-03  -2.8241911e-02  -1.8980225e-02   5.7387669e-02   2.3406389e-02   3.7447804e-03  -3.1097823e-02  -8.7594922e-03   1.2823440e-02   7.9011061e-03   1.3341009e-02  -2.1376871e-02   4.2224463e-03   5.1176802e-02  -4.1806897e-03  -1.2023616e-02  -2.7620895e-02   5.6912448e-03  -3.4835968e-03   2.6449755e-02   1.9752192e-03   1.4224119e-02  -4.8139475e-02  -1.0930699e-02   7.3358715e-03   5.8840151e-03  -5.4400289e-02  -1.6136247e-02  -2.2925085e-02   2.0574337e-02   1.4525968e-02  -4.1523542e-02  -7.0541722e-03  -2.1564447e-02   5.6033647e-02
   7.5482408e-03   3.7335471e-03   2.8970387e-02  -7.0490131e-03   2.4581278e-02  -3.7341432e-02   1.8041073e-02  -1.4971065e-02  -2.0806355e-04  -4.1059018e-03  -6.4223183e-02   1.6759334e-02   2.6717733e-02  -2.6987087e-02  -2.7498550e-03   4.6748006e-02  -6.8115267e-03  -2.5441146e-02  -5.3154633e-03   2.1441227e-02  -1.1253990e-02   1.3142324e-02  -3.5944086e-02   5.4254788e-01  -4.4039253e-03  -2.0273057e-02   2.8327605e-02   4.9106982e-02   1.6306193e-02   2.1518098e-02   2.5651911e-02  -2.0422363e-02   2.1295535e-02  -1.4129550e-02  -2.1410473e-02  -1.2159603e-02   4.3692246e-02  -2.8766889e-03   1.8392401e-02   1.1243048e-02  -2.4805733e-02  -3.8611688e-03  -1.1523957e-02   1.7848011e-02   3.2300779e-02   7.7232698e-03   3.5049403e-02   2.4668247e-02  -1.2254194e-02   1.3920967e-03   2.3599454e-02   1.5675899e-02   8.8331345e-04  -6.9230883e-03   3.0925571e-02   8.7372712e-03   3.0364990e-02  -3.1873811e-03  -5.9185382e-03   9.9758212e-03  -3.3220902e-02   2.7516686e-02  -1.4672752e-02   2.5883360e-02   4.1990515e-02  -2.3463452e-02  -2.8598343e-02  -1.1576198e-03   3.3405108e-02  -4.1464543e-03   3.0900455e-02   2.0884895e-02  -5.1346601e-03  -7.4178712e-03  -3.5697551e-02  -3.0052967e-03  -1.2492080e-02   5.6389741e-03   3.0784430e-02   4.1738782e-03   2.1574534e-02   4.9773932e-03   4.4261962e-02  -1.6359543e-02  -7.6368691e-04   9.4447871e-03  -3.6590266e-02   5.4331404e-03  -4.5729257e-02   8.3701529e-03  -1.7410207e-02   6.5557305e-03  -2.9358971e-02   5.2298120e-02   9.1917913e-03  -7.6883307e-03   4.2734926e-02  -1.8576883e-02   8.0473605e-03  -9.9210963e-03
